RecordName	TargetFreq	NumberSamples	TotalDuration[h]	Apnea[%]	NoApnea[%]
ucddb002_lifecard_100Hz.dat	100	1	0.0	21.13	78.87
ucddb003_lifecard_100Hz.dat	100	1	0.0	41.65	58.35
ucddb005_lifecard_100Hz.dat	100	1	0.0	10.49	89.51
ucddb006_lifecard_100Hz.dat	100	1	0.0	27.22	72.78
ucddb007_lifecard_100Hz.dat	100	1	0.0	14.34	85.66
ucddb008_lifecard_100Hz.dat	100	1	0.0	3.59	96.41
ucddb009_lifecard_100Hz.dat	100	1	0.0	13.66	86.34
ucddb010_lifecard_100Hz.dat	100	1	0.0	29.65	70.35
ucddb011_lifecard_100Hz.dat	100	1	0.0	6.94	93.06
ucddb012_lifecard_100Hz.dat	100	1	0.0	27.27	72.73
ucddb013_lifecard_100Hz.dat	100	1	0.0	11.55	88.45
ucddb014_lifecard_100Hz.dat	100	1	0.0	34.81	65.19
ucddb015_lifecard_100Hz.dat	100	1	0.0	6.58	93.42
ucddb017_lifecard_100Hz.dat	100	1	0.0	12.66	87.34
ucddb018_lifecard_100Hz.dat	100	1	0.0	1.39	98.61
ucddb019_lifecard_100Hz.dat	100	1	0.0	16.5	83.5
ucddb020_lifecard_100Hz.dat	100	1	0.0	13.38	86.62
ucddb021_lifecard_100Hz.dat	100	1	0.0	14.43	85.57
ucddb022_lifecard_100Hz.dat	100	1	0.0	5.74	94.26
ucddb023_lifecard_100Hz.dat	100	1	0.0	26.87	73.13
ucddb024_lifecard_100Hz.dat	100	1	0.0	26.15	73.85
ucddb025_lifecard_100Hz.dat	100	1	0.0	60.45	39.55
ucddb026_lifecard_100Hz.dat	100	1	0.0	17.06	82.94
ucddb027_lifecard_100Hz.dat	100	1	0.0	43.84	56.16
ucddb028_lifecard_100Hz.dat	100	1	0.0	33.92	66.08
RecordName	TargetFreq	NumberSamples	TotalDuration[h]	Apnea[%]	NoApnea[%]
ucddb002_lifecard_100Hz.dat	100	459	7.65	21.13	78.87
RecordName	TargetFreq	NumberSamples	TotalDuration[h]	Apnea[%]	NoApnea[%]
ucddb002_lifecard_100Hz.dat	100	459	7.65	21.13	78.87
RecordName	TargetFreq	NumberSamples	TotalDuration[h]	Apnea[%]	NoApnea[%]
ucddb002_lifecard_100Hz.dat	100	459	7.65	21.13	78.87
RecordName	TargetFreq	NumberSamples	TotalDuration[h]	Apnea[%]	NoApnea[%]
ucddb002_lifecard_100Hz.dat	100	459	7.65	21.13	78.87
RecordName	TargetFreq	NumberSamples	TotalDuration[h]	Apnea[%]	NoApnea[%]
ucddb002_lifecard_100Hz.dat	100	459	7.65	21.13	78.87
ucddb003_lifecard_100Hz.dat	100	485	8.08	41.65	58.35
